58.39859538168697
61.812556830218114
189.48300457745324
52.97109781560898
190.60374415042855
99.1918431164703
124.73414053397025
75.90548627772998
45.72044723494941
88.82903212482624
75.80442507306233
116.64020358359508
49.672667899260105
66.06277494033816
2.447364589580281
49.67443368554918
81.91489512359654
76.27218611490744
95.3308682308063
6.271396197193013
39.78853508243214
122.13143274689138
46.96183920236652
126.0754503774002
135.73064800082332
162.41325413824322
100.58342518321714
5.715866797480307
63.71811832406169
23.18738077607474
31.494298641712337
52.21570944746645
71.52560828889011
102.7676508035879
68.55977718216573
47.657382320340936
31.820976148826553
178.5193276043427
73.25490123404757
36.438939272323154
17.81717491631869
56.6460642319186
59.39982400889312
157.5883219779013
58.144908054488845
45.33367127771753
158.818224447767
61.9852797022906
70.80568091482047
77.13571777361132
16.469829517066724
77.97368874786892
57.51018994174735
158.24379741523444
133.17830118491014
118.72975062981723
77.4022387309641
80.29306052875414
64.89621832427564
60.884335777565
113.11383511674981
194.61149182029348
34.51903283322246
166.28059258572387
92.292213508468
119.3291636440277
15.580370008927469
67.3807288207712
34.18510894525928
126.52159146391648
106.73116040519939
91.71870697664161
153.56561984786663
39.56899281628034
31.72559996225781
61.928393717098615
173.22360048833406
160.1712279268493
71.7070652427404
175.25947796621605
71.44562802676586
39.96588613029206
64.90759427625964
140.1264013244383
22.35099724212908
13.45485123950012
93.4446715110978
27.11819020236632
174.64648859848086
116.95246577538371
117.7195727538632
78.03005828571004
158.30795422852916
132.526300289803
115.99164894505725
8.860316942589797
8.89209860517477
16.409192068959968
40.023377386715886
141.34908600501177
